-999.006792 30.044336
-997.726106 124.065159
-995.018747 126.423491
-990.155292 43.614512
-987.955801 49.525326
-987.364357 100.296935
-980.570743 97.496632
-978.442870 67.846037
-975.876768 71.651695
-974.194136 81.246493
-972.238457 103.342199
-972.088087 80.162319
-971.303382 99.467599
-968.648626 128.309934
-960.793545 42.099047
-960.728900 113.782130
-959.770481 108.130271
-959.087205 110.083457
-958.290794 102.785194
-958.159371 84.562789
-957.286928 73.575121
-955.993336 73.290121
-955.596363 59.312581
-951.244018 41.512016
-950.330623 49.703147
-950.070699 70.703952
-948.869890 97.412142
-947.221389 45.062649
-945.631147 103.362844
-944.961081 56.531460
-944.678976 107.353973
-937.796175 86.074028
-933.523322 118.318411
-931.143762 113.563960
-930.401971 78.057301
-927.201939 81.724358
-923.731789 106.881197
-918.272646 106.823740
-917.743214 42.744424
-916.166193 33.658022
-914.106324 118.722660
-911.592799 85.240045
-911.044371 54.218432
-910.556175 55.787750
-908.086109 40.075137
-907.562395 34.789399
-907.542623 32.771329
-904.005761 48.407403
-903.521391 105.696606
-903.167799 63.062453
-901.423346 80.169062
-897.510892 110.894332
-894.698432 30.901650
-890.681149 113.020565
-885.787712 90.653336
-885.090159 47.559181
-885.010475 59.941244
-881.283388 40.532651
-877.508130 78.468727
-877.077384 85.147984
-875.490566 34.395282
-874.334596 73.127378
-872.138631 50.208799
-869.366349 60.261385
-869.025019 122.558431
-867.828138 48.814552
-867.634324 50.145037
-867.337912 71.574355
-862.969168 82.740835
-862.467110 86.866354
-859.695673 42.110523
-859.181195 80.742655
-853.277198 101.720639
-852.906183 122.007595
-849.684573 126.405078
-848.640777 36.809598
-846.134919 40.595306
-845.267015 45.884621
-844.423203 85.099467
-843.859610 105.526301
-842.756093 99.533825
-841.446240 66.182561
-835.539294 69.696604
-833.321508 81.001549
-831.965091 56.686952
-831.568778 60.703654
-825.572310 83.136952
-824.833013 92.095302
-823.531168 89.189179
-820.607934 78.848550
-818.189792 90.989714
-817.366332 116.757723
-816.791613 43.339685
-808.601082 89.289963
-805.865478 48.635723
-805.704984 83.262242
-804.047062 98.021452
-796.316731 73.013724
-794.665943 54.274176
-794.186432 66.777517
-792.446790 86.119367
-791.559184 114.460475
-791.131016 113.204639
-789.308864 116.655175
-788.701621 87.343993
-788.583132 55.969861
-786.957847 129.742320
-781.760243 59.171360
-777.544097 98.873748
-776.813663 88.905555
-773.297573 125.783127
-771.466262 113.601790
-770.833733 112.839510
-767.312075 44.533575
-762.810847 31.136342
-762.210138 63.716564
-752.907256 102.138799
-752.600866 127.114458
-751.998893 95.344907
-751.158937 71.150450
-746.679589 90.158855
-745.791730 31.416552
-744.511398 44.578924
-743.084459 44.770909
-739.975442 79.710789
-739.756654 94.294044
-738.766813 91.369492
-738.418500 47.493507
-735.077557 76.045949
-730.173110 83.816507
-729.077398 45.212597
-726.874749 92.151624
-725.238176 66.209673
-724.076571 98.275790
-723.067318 109.422673
-722.188147 64.217074
-721.208966 49.235583
-719.155380 51.608926
-719.069714 64.614043
-717.865247 81.721126
-712.184757 89.899049
-711.738034 118.442847
-703.680157 113.693984
-702.950295 87.991942
-701.327574 126.991805
-696.243931 108.737197
-692.574306 121.512076
-691.693469 122.112622
-689.799485 129.554911
-688.836887 110.817244
-688.791623 42.465027
-688.261621 45.785193
-687.470905 62.042633
-687.219573 102.846704
-683.637206 80.081460
-683.113287 120.978567
-682.845798 50.001444
-673.903590 121.356773
-673.055906 30.783054
-669.611080 59.544195
-664.536611 46.683388
-660.045859 77.883665
-653.845484 55.788957
-649.659668 34.361352
-649.446157 44.937916
-648.487668 105.025836
-647.376042 94.723337
-647.240444 48.345316
-646.178705 93.835610
-639.571087 53.109977
-634.499261 62.194902
-632.277376 78.247621
-631.782371 93.113908
-628.251662 62.497314
-628.197674 58.443442
-627.116856 43.352110
-626.279026 84.747161
-625.988569 99.491848
-625.364484 40.007144
-620.518521 36.421189
-620.141623 53.390230
-618.443253 101.272333
-616.040515 68.374528
-612.969602 127.908878
-612.612541 94.022425
-612.380792 44.505610
-611.009070 94.900820
-610.030572 73.713957
-609.081319 126.056832
-607.475805 123.422078
-605.928408 115.155835
-599.355870 103.320185
-598.332269 68.612129
-597.536802 48.049690
-597.241603 70.172212
-593.190056 92.356724
-589.981267 53.764549
-588.508174 86.080282
-586.002395 95.323184
-584.561775 94.351486
-581.474789 99.041273
-576.978760 117.155341
-564.674732 116.964737
-561.539918 43.334969
-561.082622 124.774134
-560.265968 84.766783
-559.785223 103.333481
-556.717452 40.433478
-554.689596 51.871607
-554.371372 117.405522
-553.364023 126.302699
-552.998183 104.999740
-547.391549 129.109424
-547.366381 60.221813
-546.253725 44.817871
-545.134324 110.202072
-543.427770 102.863952
-539.487853 82.521083
-536.249646 70.070608
-531.748809 51.357746
-529.904332 53.459516
-528.064848 73.439817
-527.117902 82.838319
-524.650435 50.848706
-523.443455 97.609381
-521.322286 82.450616
-510.673006 45.746463
-508.101596 54.292122
-506.392633 118.883866
-504.868384 99.768250
-504.717698 123.124795
-504.485255 64.726101
-503.704518 56.467508
-501.585973 52.319141
-500.042681 53.664057
-499.736810 101.836594
-499.319621 47.754534
-498.320816 33.175930
-498.081437 49.690210
-495.205252 67.868541
-491.444634 76.894239
-488.975596 86.859476
-487.213454 65.486470
-483.052178 34.254382
-482.494629 129.627071
-482.240796 116.252809
-481.592080 119.026407
-480.377075 118.379795
-479.721275 119.495296
-478.965763 37.799900
-478.851604 30.523992
-477.093893 75.690926
-475.383099 121.623815
-470.145771 47.775583
-467.459361 122.458323
-464.701551 86.722636
-459.925724 50.086803
-459.228776 93.043767
-458.340941 128.881293
-456.026663 30.903107
-455.962848 61.853779
-455.865990 104.553599
-455.596605 65.212874
-448.701972 61.962309
-445.919207 102.647703
-438.323000 44.441952
-434.564327 51.455664
-432.077049 40.926072
-424.323742 129.617545
-423.394669 94.916136
-422.228472 40.195297
-415.209847 49.538080
-412.442073 38.674859
-409.683087 32.767286
-404.410344 59.935342
-398.668713 97.171003
-394.568247 91.574570
-393.363100 126.864600
-393.325162 38.799508
-390.384404 37.850597
-390.033160 72.062737
-389.560445 80.895705
-389.059944 125.028303
-389.059315 123.936732
-388.398428 123.872369
-387.899312 35.218520
-384.730791 100.091388
-381.236604 84.278719
-381.105507 122.482679
-377.059844 42.068684
-376.423859 129.101717
-367.759246 105.682465
-365.176487 99.245180
-363.780352 33.373252
-363.593140 83.326251
-363.484184 117.817736
-355.380205 111.711046
-354.484474 41.666345
-353.499335 102.673353
-352.811031 68.207571
-346.424067 32.968604
-346.183045 87.929592
-345.270121 106.250144
-342.196207 116.456760
-341.817242 121.667683
-340.528157 43.633342
-339.377691 103.350887
-331.842369 114.268701
-329.509935 30.026195
-328.990536 119.115920
-327.007677 74.988129
-326.732074 127.975302
-326.658225 127.076872
-324.701776 93.191564
-319.337750 50.781056
-311.683547 115.449673
-311.562965 79.191767
-311.142521 42.215552
-311.036385 99.397734
-310.055180 118.955668
-307.971388 54.160358
-305.365191 114.529767
-304.958496 127.953699
-303.975881 113.601536
-302.797601 60.563353
-302.643211 106.426871
-301.581120 82.941873
-298.891537 52.711638
-293.656710 114.857507
-292.399346 61.275575
-289.846172 79.520418
-289.656995 50.402269
-289.247422 32.546710
-288.432322 78.597018
-287.434615 103.112978
-285.093300 37.298099
-282.716895 120.070480
-282.678800 43.190122
-279.629488 67.359328
-277.962303 69.385961
-276.303350 51.582428
-272.954968 40.461645
-270.494925 93.715999
-270.332511 88.259760
-270.319547 99.663471
-267.444083 105.832917
-255.133805 92.207350
-253.159073 56.426024
-252.734940 81.635751
-246.242067 89.489028
-245.998553 42.365994
-244.814536 50.141914
-244.405795 31.254968
-242.705830 42.892735
-238.850108 90.054566
-238.435831 67.460929
-236.105471 105.833163
-236.040173 124.481374
-235.313493 42.266806
-231.704703 90.233047
-228.732429 117.654604
-226.438588 59.650147
-224.606286 121.172395
-223.456049 87.882767
-223.406178 89.454870
-222.729053 32.700256
-218.773878 128.353454
-217.972289 81.535372
-216.607642 32.569841
-216.583504 109.746837
-215.663814 64.453712
-212.995809 114.233797
-212.605585 101.584540
-212.389570 72.258914
-212.218785 103.808008
-210.554861 109.325243
-208.778354 45.294611
-208.070803 114.671142
-199.391570 86.049975
-196.554034 41.748991
-195.020414 73.100545
-194.524168 89.253690
-190.438733 63.549599
-190.142497 88.327329
-186.208414 69.007170
-185.883088 118.271005
-184.854960 123.103047
-175.574718 41.023530
-173.273128 80.497408
-168.970050 129.776267
-166.793916 110.428733
-164.443080 87.470368
-163.898852 124.840395
-162.969070 77.825399
-161.615733 90.180194
-161.004939 119.194439
-158.621826 44.831527
-157.711661 57.074389
-154.390462 96.443708
-151.942669 99.726216
-150.448316 52.635292
-147.833807 128.785543
-147.822956 103.901609
-146.233857 57.202957
-140.382182 56.394368
-139.273512 96.826988
-135.357098 122.950899
-133.445119 91.446190
-131.471504 101.611531
-130.211135 95.266654
-129.992181 56.281385
-128.964400 76.536638
-126.793908 46.059773
-126.078344 39.226315
-125.533207 58.415640
-125.425583 59.343661
-122.949581 79.276748
-121.672417 122.032552
-120.713943 73.957157
-119.936124 117.545884
-114.990077 106.240974
-114.721919 70.548069
-113.257226 44.234943
-111.657549 79.682872
-111.514321 31.290330
-110.398068 96.196862
-109.026527 49.389107
-108.684968 89.329776
-107.328606 117.724128
-105.489481 45.158663
-100.177553 36.582833
-99.549043 73.858506
-99.310461 31.047299
-95.781239 69.678686
-92.404322 30.902336
-92.039901 105.562325
-91.943589 57.695383
-89.751233 112.420149
-89.440620 84.446362
-87.082421 32.757745
-86.995944 61.838321
-85.075777 112.147582
-81.181504 50.084342
-77.019408 60.991515
-74.670898 94.841871
-71.564670 91.848786
-70.617851 123.043413
-67.594668 73.425335
-65.612888 112.436710
-64.937841 38.378768
-60.015537 54.925045
-59.382214 100.707969
-59.059768 123.391509
-54.057559 122.374345
-53.564881 84.692001
-52.479916 55.409033
-49.260004 127.137109
-47.870321 47.119796
-47.515705 48.950028
-46.933122 125.147145
-46.710224 119.196732
-46.028372 35.911318
-45.531406 82.871562
-43.218303 81.431535
-42.766497 65.870618
-40.129929 87.988148
-38.474243 62.560657
-37.422448 80.539814
-35.293478 66.129963
-31.511327 122.268221
-30.545795 53.427947
-30.445599 107.585452
-28.274914 101.550785
-26.698158 38.081698
-25.846542 118.096839
-23.376581 115.469405
-22.388777 39.225394
-22.159456 56.674568
-19.812661 102.771772
-19.106198 98.333193
-11.641859 82.588488
-7.098204 89.556375
-6.277820 65.867002
-6.255725 126.310647
-5.128118 124.182202
-2.681645 74.309631
-1.091155 126.234528
1.740212 82.574138
2.265316 108.570870
6.787210 76.198206
7.277434 49.651424
8.075191 76.049494
10.383721 44.210958
11.383084 99.976857
11.785503 87.505622
13.109666 48.369239
13.622125 37.174887
16.300389 64.587753
19.234606 81.367030
19.691350 121.232128
21.543822 51.856487
23.073140 62.099969
24.389371 127.947768
25.548294 71.583309
26.713143 92.917883
30.090888 115.827537
31.466987 111.479978
34.082413 106.917677
38.299740 40.962277
39.780814 106.315397
42.308125 76.669716
44.442077 78.508919
44.787048 39.953806
49.554013 74.067951
51.391573 72.497934
52.640329 128.850981
52.850613 36.511482
54.901699 98.498257
54.939293 50.868622
57.011082 109.078141
57.726605 68.480657
60.386063 63.737740
65.236611 31.848284
67.992436 66.789679
68.303485 59.367648
68.585582 97.596595
70.750033 100.846629
72.503032 64.420226
73.317881 105.156374
75.731345 111.757392
89.202334 30.369300
89.881908 120.127283
94.256353 65.131796
105.372515 86.897538
106.617487 122.825443
107.631753 59.738659
107.631871 58.840878
116.899374 116.572634
117.198411 117.623921
119.938339 122.590850
120.567733 122.264943
121.603682 108.842316
124.659511 114.790376
125.224758 89.464244
125.532662 99.410582
130.203502 119.447443
132.102124 49.009183
132.809606 78.070917
134.259759 58.019066
136.371365 107.288728
137.509731 105.009886
138.479836 90.607887
139.615510 105.533486
139.629690 104.255211
140.132577 62.836503
141.260613 108.933646
141.706049 40.250052
142.942290 56.741444
143.291623 36.671300
144.469850 118.324162
148.716992 100.478381
148.941444 116.449503
149.330530 104.906234
152.955808 63.332114
154.737171 107.998299
155.814786 94.680819
158.859467 127.874298
158.978007 129.968188
164.214528 93.599085
164.609502 63.416946
165.091984 51.258054
169.429729 99.073119
170.054367 48.169429
170.083079 99.490593
170.750672 113.597920
171.016481 56.792898
178.140275 93.756548
178.647229 122.449163
179.875799 73.868968
180.139420 49.291088
180.642626 118.629861
181.476772 85.425865
186.123712 106.219711
187.315750 59.022349
187.937548 113.459143
189.317239 118.924119
189.722284 73.252996
190.379716 67.585022
191.029214 43.298164
195.201959 80.045849
197.034871 78.407585
197.201335 40.967686
200.233243 59.424825
201.971372 101.768038
203.115737 47.267373
203.916082 117.115543
205.432496 49.003231
206.333278 90.225724
207.240026 37.563457
208.937235 61.164255
210.982816 40.578151
211.551717 127.989310
213.055879 81.200936
217.313021 121.369435
217.649091 75.583867
217.864395 60.436538
220.330766 59.937182
224.018353 39.107280
228.184191 39.076197
232.587261 73.301807
238.848578 57.561397
239.485385 84.743910
240.154953 91.297139
240.758590 71.442532
241.296750 129.394487
250.139137 108.730731
250.828718 82.217614
252.996383 54.267823
253.558517 64.721977
255.649398 60.605738
255.815095 94.389096
256.905893 76.921708
258.522811 49.836898
262.965704 107.218348
264.038066 108.433653
264.434792 126.005695
264.915528 98.056656
270.091125 100.615131
271.953356 123.622952
281.140165 106.162919
284.035952 125.750294
285.867085 30.972845
286.198123 75.689496
288.607620 98.497019
289.551130 43.165610
291.969622 126.372057
298.234492 97.658763
299.560701 77.789722
301.541953 30.706873
302.299496 129.418370
302.652948 93.960203
307.335411 52.728299
308.635388 75.105505
309.600966 79.291411
310.488343 103.586522
312.329645 69.477729
313.849630 125.625578
314.804744 78.729661
323.203372 69.927621
325.963976 88.814715
325.988836 59.762311
327.125506 32.555126
330.544436 127.702570
330.589136 109.001621
330.950105 115.621381
336.760463 78.157983
343.346987 43.336895
343.492944 90.384397
348.381054 70.864699
349.904512 40.213172
350.818496 80.039624
351.942467 68.884305
355.716525 73.823190
356.428624 91.516229
356.588054 68.023474
356.846088 50.779996
360.172725 65.452477
360.326578 70.763712
361.093856 58.220439
365.115760 51.400843
366.282894 115.971214
369.296382 47.550474
374.875181 43.067821
380.380024 83.491782
383.060694 119.230607
383.064912 50.219123
385.687752 123.223348
388.243577 42.067726
389.181050 39.122964
389.863044 77.753303
398.896111 122.355275
398.935862 100.317896
399.986689 74.788850
400.611459 108.801577
402.722279 105.387036
404.207853 121.308275
404.654306 57.102633
407.524725 50.479963
409.670595 118.370660
411.409827 97.612957
412.197131 92.439050
412.470191 47.156527
413.059047 128.166137
413.697017 85.313845
416.750532 45.816290
422.891391 107.519236
430.568606 68.917725
430.624428 46.211749
430.736315 37.098997
431.162323 33.245920
432.396580 69.354486
432.509845 119.691667
435.224280 92.182243
436.272185 49.086483
437.957140 87.996818
438.156910 62.402454
442.116746 35.720289
442.572072 33.108452
444.471765 101.712852
449.698916 94.863446
453.122465 84.959096
457.599690 122.204232
457.826865 49.174161
458.017661 101.994051
461.154248 92.683630
461.168343 49.039940
462.283319 67.312210
464.665038 74.266853
466.409046 114.066520
469.580216 114.677761
470.912361 117.258991
475.215561 43.083458
475.861373 114.984073
476.420229 86.196596
478.124253 52.781063
479.722992 53.311789
482.194308 128.817995
483.451577 74.361819
487.834391 77.548083
488.840991 30.907021
489.458228 83.954303
490.292011 103.836200
490.646469 121.136711
491.565805 94.202800
491.755149 36.689355
492.071916 79.743279
495.267740 103.671598
495.369540 33.640541
495.394778 51.476079
497.238208 57.862005
499.597843 121.443377
502.624119 102.731881
505.371276 117.752597
507.730949 31.622533
510.848315 105.614396
511.767192 84.483128
513.201159 83.422488
513.233894 123.232866
513.438965 48.264375
513.893100 89.319336
520.941460 113.317304
523.604247 108.255728
524.215738 45.704250
525.072219 89.796883
529.817050 59.562518
531.216995 73.209507
534.079154 66.290840
534.852316 68.844969
534.927558 65.788483
536.658947 120.594181
537.126217 100.979748
538.014582 49.747874
539.726310 54.652195
540.763221 54.726179
546.630222 84.458291
552.121291 111.903695
554.699520 89.610106
556.315485 119.064682
557.181775 44.061944
558.880665 42.606924
560.274887 47.650187
561.527400 77.822318
568.282627 127.114797
571.243115 58.127652
572.082361 53.482307
572.165900 60.291901
572.904001 97.844608
574.995877 57.981747
576.238520 52.524743
577.098206 116.415490
577.410449 108.503629
578.608525 56.188933
579.561601 40.772590
580.075522 115.172506
584.111637 85.809866
585.261125 38.903709
586.198780 72.677069
593.711011 33.013479
597.640002 79.124310
597.669126 110.408233
598.506532 82.182271
599.901293 81.330237
601.572816 88.039658
602.729635 115.537657
603.035934 73.510882
612.117293 71.637947
613.529898 119.803439
618.960104 67.268667
619.225488 88.437989
619.795023 77.448460
621.042420 128.378523
621.480662 79.721494
621.635061 124.026734
626.259178 32.690182
626.560656 120.239972
627.128443 66.442535
629.386531 91.344813
629.772102 38.879577
633.885743 99.837080
634.051092 53.139867
635.720528 64.068616
637.439063 39.353187
638.827767 35.743003
639.598513 43.853080
639.726948 40.138573
642.125143 122.912191
642.346798 47.890601
642.697563 105.252033
644.397302 38.178339
644.853248 58.690113
645.542471 109.860473
646.783245 108.345310
647.966842 128.219271
649.579983 124.009115
650.160342 97.221677
650.930003 63.031762
651.724694 116.537083
654.688242 50.530827
657.707615 40.128595
658.169033 105.745839
658.437899 51.461428
660.974050 117.533311
665.761001 101.083992
666.204294 55.863599
668.687660 121.862874
669.136833 110.524205
671.496976 30.823253
672.316195 32.119749
680.434920 89.623609
681.076994 51.839005
681.869951 100.732592
682.141307 70.280907
683.361782 127.031413
685.239755 116.501718
687.785791 62.936705
687.942001 61.902234
692.469907 59.259601
695.264372 59.271415
695.883021 61.932582
697.657999 39.771452
697.837314 39.890752
702.408096 79.059059
702.907914 57.355289
711.051241 52.994610
712.248907 67.430147
713.095568 112.389042
724.157572 95.469959
725.802573 57.516681
726.420627 36.583853
728.319683 99.075477
729.009181 64.414489
733.648637 36.715714
734.480534 124.348985
736.100349 84.586101
736.129267 56.447939
740.439159 117.921574
740.705160 96.012664
742.595619 51.741746
742.875308 99.761151
744.616381 127.709786
748.965688 34.405559
749.180412 65.736089
750.777836 77.157229
751.343268 60.037163
751.819314 80.916631
752.947707 97.269037
753.138069 63.757292
755.855029 119.064735
761.372624 45.097116
762.411208 116.595480
763.134187 46.581473
770.586369 46.004060
775.298841 31.573673
776.951626 127.092693
777.153564 128.555639
777.185854 48.478947
783.817427 109.225490
786.542517 96.986546
788.007597 65.063935
789.317752 45.816007
789.942883 92.583097
792.840125 88.862678
794.449640 81.601196
796.902898 31.686346
799.135699 48.936069
801.339645 57.432314
804.744301 62.951900
808.589754 105.700571
811.943360 77.859909
813.822979 51.697625
814.034358 113.722764
815.947561 86.800551
816.735120 49.071466
817.485796 126.486689
817.577303 38.956038
827.919874 70.499228
829.605292 93.728289
831.703842 35.068775
832.970675 39.688408
833.775330 34.180205
834.479002 109.019289
840.997710 68.015663
842.408219 81.240290
842.621111 121.777660
843.157662 31.375961
848.072888 114.242046
848.118987 46.003743
851.831309 120.719604
853.088175 112.721134
855.648519 114.375986
861.103036 62.625370
868.965453 30.292693
869.665880 70.827974
870.806568 129.734078
871.553043 100.097271
874.061586 57.485682
874.063361 57.788091
879.043231 60.796060
888.351606 101.568094
889.637453 71.245181
894.395716 54.844348
899.342143 87.928475
899.529220 55.509629
899.828239 56.948355
900.403702 64.833986
904.732660 33.260461
904.988032 102.895694
907.127607 49.106609
907.490086 74.028010
907.689048 119.976956
908.069584 72.360348
909.234183 81.930568
909.859625 83.150713
912.340680 81.347548
915.161236 32.487559
918.146621 110.686257
919.445216 55.007869
920.300558 56.614102
920.579741 96.904729
921.926840 107.469267
923.374323 36.056946
923.855865 72.181866
925.244450 76.895696
927.149092 101.204188
930.193868 45.800791
931.223742 60.021153
932.076557 51.213196
932.739753 111.704401
935.005099 73.016807
935.538886 46.093042
938.437765 87.394310
940.891240 38.247142
941.302725 97.496589
942.539209 56.908568
942.670316 113.607231
947.999717 51.918558
949.258080 52.032305
950.136233 116.994819
952.942887 98.424132
954.794360 88.513717
958.279924 94.458925
960.478798 55.926653
961.702978 99.368181
962.943302 45.680384
964.046660 61.978083
966.287605 79.356164
972.017917 113.600270
975.540480 87.207356
976.309939 76.707160
976.928399 61.272700
981.076329 34.750752
981.289121 63.696142
981.563851 93.060381
983.132637 101.746780
983.226735 67.338969
984.590655 38.304637
984.624143 51.715256
986.196638 69.604683
986.224343 108.832892
986.804904 102.843691
988.331586 59.359372
988.838785 90.544503
988.963468 116.494293
990.770412 94.154708
991.346462 104.857888
994.670980 50.810854
996.590692 75.261452
997.957936 66.893705
998.847236 44.980473
998.926267 34.379996
