307.335411 52.728299
148.941444 116.449503
981.076329 34.750752
-238.435831 67.460929
942.670316 113.607231
-208.070803 114.671142
-947.221389 45.062649
523.604247 108.255728
-773.297573 125.783127
475.215561 43.083458
-712.184757 89.899049
189.317239 118.924119
-190.438733 63.549599
-950.330623 49.703147
-60.015537 54.925045
-245.998553 42.365994
-46.933122 125.147145
976.309939 76.707160
997.957936 66.893705
683.361782 127.031413
-589.981267 53.764549
634.051092 53.139867
-223.456049 87.882767
-972.088087 80.162319
73.317881 105.156374
264.915528 98.056656
-298.891537 52.711638
139.615510 105.533486
125.224758 89.464244
904.732660 33.260461
687.785791 62.936705
-687.470905 62.042633
-438.323000 44.441952
574.995877 57.981747
26.713143 92.917883
-499.736810 101.836594
733.648637 36.715714
899.529220 55.509629
291.969622 126.372057
513.438965 48.264375
430.568606 68.917725
726.420627 36.583853
232.587261 73.301807
642.346798 47.890601
-944.678976 107.353973
-576.978760 117.155341
-794.186432 66.777517
-616.040515 68.374528
24.389371 127.947768
327.125506 32.555126
217.313021 121.369435
487.834391 77.548083
961.702978 99.368181
461.154248 92.683630
314.804744 78.729661
618.960104 67.268667
752.947707 97.269037
-122.949581 79.276748
-788.583132 55.969861
343.346987 43.336895
-933.523322 118.318411
-990.155292 43.614512
-498.081437 49.690210
39.780814 106.315397
-647.240444 48.345316
577.410449 108.503629
-805.704984 83.262242
-478.965763 37.799900
-547.391549 129.109424
409.670595 118.370660
-43.218303 81.431535
-487.213454 65.486470
-625.988569 99.491848
695.264372 59.271415
909.234183 81.930568
-147.833807 128.785543
-195.020414 73.100545
-751.998893 95.344907
255.815095 94.389096
-166.793916 110.428733
654.688242 50.530827
178.647229 122.449163
475.861373 114.984073
-995.018747 126.423491
681.869951 100.732592
695.883021 61.932582
-556.717452 40.433478
348.381054 70.864699
598.506532 82.182271
402.722279 105.387036
-917.743214 42.744424
483.451577 74.361819
116.899374 116.572634
-805.865478 48.635723
19.234606 81.367030
981.289121 63.696142
437.957140 87.996818
-477.093893 75.690926
-140.382182 56.394368
-157.711661 57.074389
942.539209 56.908568
180.139420 49.291088
-253.159073 56.426024
203.115737 47.267373
572.165900 60.291901
853.088175 112.721134
-139.273512 96.826988
-458.340941 128.881293
67.992436 66.789679
-649.659668 34.361352
763.134187 46.581473
-238.850108 90.054566
491.565805 94.202800
-885.090159 47.559181
811.943360 77.859909
-107.328606 117.724128
495.369540 33.640541
-859.695673 42.110523
-398.668713 97.171003
-412.442073 38.674859
949.258080 52.032305
827.919874 70.499228
777.185854 48.478947
-212.389570 72.258914
105.372515 86.897538
-67.594668 73.425335
469.580216 114.677761
-930.401971 78.057301
-22.388777 39.225394
312.329645 69.477729
141.706049 40.250052
-455.962848 61.853779
-722.188147 64.217074
-120.713943 73.957157
-972.238457 103.342199
52.640329 128.850981
907.490086 74.028010
-212.995809 114.233797
250.139137 108.730731
-470.145771 47.775583
-287.434615 103.112978
224.018353 39.107280
155.814786 94.680819
143.291623 36.671300
478.124253 52.781063
-77.019408 60.991515
-339.377691 103.350887
256.905893 76.921708
-848.640777 36.809598
817.577303 38.956038
603.035934 73.510882
-843.859610 105.526301
750.777836 77.157229
195.201959 80.045849
-482.240796 116.252809
356.428624 91.516229
187.315750 59.022349
412.470191 47.156527
874.063361 57.788091
-523.443455 97.609381
11.383084 99.976857
972.017917 113.600270
-133.445119 91.446190
-389.560445 80.895705
365.115760 51.400843
197.034871 78.407585
298.234492 97.658763
-521.322286 82.450616
-703.680157 113.693984
-950.070699 70.703952
398.935862 100.317896
-955.596363 59.312581
986.804904 102.843691
-70.617851 123.043413
-987.364357 100.296935
213.055879 81.200936
-194.524168 89.253690
-303.975881 113.601536
-586.002395 95.323184
-310.055180 118.955668
734.480534 124.348985
-252.734940 81.635751
240.154953 91.297139
-918.272646 106.823740
-100.177553 36.582833
-649.446157 44.937916
538.014582 49.747874
-114.990077 106.240974
851.831309 120.719604
385.687752 123.223348
220.330766 59.937182
-111.514321 31.290330
783.817427 109.225490
697.837314 39.890752
-109.026527 49.389107
976.928399 61.272700
-725.238176 66.209673
658.169033 105.745839
950.136233 116.994819
51.391573 72.497934
871.553043 100.097271
148.716992 100.478381
796.902898 31.686346
-65.612888 112.436710
848.118987 46.003743
513.201159 83.422488
-81.181504 50.084342
94.256353 65.131796
986.196638 69.604683
-99.549043 73.858506
179.875799 73.868968
502.624119 102.731881
601.572816 88.039658
-30.445599 107.585452
-99.310461 31.047299
-598.332269 68.612129
422.891391 107.519236
-818.189792 90.989714
584.111637 85.809866
-131.471504 101.611531
436.272185 49.086483
-499.319621 47.754534
-216.583504 109.746837
57.726605 68.480657
-612.969602 127.908878
646.783245 108.345310
-164.443080 87.470368
21.543822 51.856487
-689.799485 129.554911
988.838785 90.544503
-987.955801 49.525326
983.132637 101.746780
940.891240 38.247142
-345.270121 106.250144
281.140165 106.162919
-42.766497 65.870618
904.988032 102.895694
72.503032 64.420226
52.850613 36.511482
458.017661 101.994051
-911.592799 85.240045
6.787210 76.198206
-745.791730 31.416552
361.093856 58.220439
-980.570743 97.496632
775.298841 31.573673
740.439159 117.921574
466.409046 114.066520
923.374323 36.056946
206.333278 90.225724
644.397302 38.178339
921.926840 107.469267
621.480662 79.721494
-762.210138 63.716564
124.659511 114.790376
-885.787712 90.653336
-199.391570 86.049975
-862.969168 82.740835
149.330530 104.906234
619.225488 88.437989
-151.942669 99.726216
200.233243 59.424825
152.955808 63.332114
-730.173110 83.816507
-212.218785 103.808008
-719.155380 51.608926
639.726948 40.138573
981.563851 93.060381
197.201335 40.967686
935.538886 46.093042
915.161236 32.487559
534.927558 65.788483
170.750672 113.597920
770.586369 46.004060
170.083079 99.490593
488.840991 30.907021
-215.663814 64.453712
-393.363100 126.864600
355.716525 73.823190
13.622125 37.174887
-647.376042 94.723337
-424.323742 129.617545
497.238208 57.862005
253.558517 64.721977
-223.406178 89.454870
16.300389 64.587753
238.848578 57.561397
407.524725 50.479963
-776.813663 88.905555
-270.319547 99.663471
-432.077049 40.926072
411.409827 97.612957
-92.404322 30.902336
289.551130 43.165610
-105.489481 45.158663
-593.190056 92.356724
597.640002 79.124310
239.485385 84.743910
539.726310 54.652195
789.317752 45.816007
682.141307 70.280907
8.075191 76.049494
356.846088 50.779996
330.589136 109.001621
593.711011 33.013479
-26.698158 38.081698
-721.208966 49.235583
513.893100 89.319336
-597.241603 70.172212
449.698916 94.863446
106.617487 122.825443
-455.596605 65.212874
-161.004939 119.194439
799.135699 48.936069
-723.067318 109.422673
-304.958496 127.953699
-605.928408 115.155835
-119.936124 117.545884
-881.283388 40.532651
330.950105 115.621381
-729.077398 45.212597
874.061586 57.485682
-311.036385 99.397734
736.100349 84.586101
-808.601082 89.289963
-611.009070 94.900820
42.308125 76.669716
-997.726106 124.065159
-282.716895 120.070480
-739.975442 79.710789
389.863044 77.753303
-46.710224 119.196732
-341.817242 121.667683
534.852316 68.844969
-955.993336 73.290121
-510.673006 45.746463
170.054367 48.169429
-135.357098 122.950899
751.343268 60.037163
-49.260004 127.137109
786.542517 96.986546
240.758590 71.442532
-726.874749 92.151624
-289.846172 79.520418
44.442077 78.508919
984.624143 51.715256
925.244450 76.895696
-781.760243 59.171360
-228.732429 117.654604
360.326578 70.763712
-381.105507 122.482679
130.203502 119.447443
-786.957847 129.742320
647.966842 128.219271
-404.410344 59.935342
907.127607 49.106609
938.437765 87.394310
210.982816 40.578151
-609.081319 126.056832
201.971372 101.768038
-108.684968 89.329776
869.665880 70.827974
-875.490566 34.395282
399.986689 74.788850
840.997710 68.015663
711.051241 52.994610
-390.033160 72.062737
-751.158937 71.150450
-163.898852 124.840395
-212.605585 101.584540
-504.485255 64.726101
813.822979 51.697625
842.408219 81.240290
-354.484474 41.666345
-54.057559 122.374345
668.687660 121.862874
34.082413 106.917677
-346.183045 87.929592
626.259178 32.690182
-945.631147 103.362844
-185.883088 118.271005
927.149092 101.204188
-393.325162 38.799508
-752.907256 102.138799
-927.201939 81.724358
-125.533207 58.415640
729.009181 64.414489
2.265316 108.570870
713.095568 112.389042
804.744301 62.951900
495.267740 103.671598
-503.704518 56.467508
11.785503 87.505622
687.942001 61.902234
203.916082 117.115543
-894.698432 30.901650
507.730949 31.622533
442.116746 35.720289
-791.559184 114.460475
557.181775 44.061944
-276.303350 51.582428
-150.448316 52.635292
119.938339 122.590850
-975.876768 71.651695
499.597843 121.443377
492.071916 79.743279
302.299496 129.418370
524.215738 45.704250
138.479836 90.607887
-47.870321 47.119796
-45.531406 82.871562
-639.571087 53.109977
89.881908 120.127283
-423.394669 94.916136
491.755149 36.689355
579.561601 40.772590
-434.564327 51.455664
-331.842369 114.268701
-719.069714 64.614043
-481.592080 119.026407
-478.851604 30.523992
-224.606286 121.172395
998.847236 44.980473
-862.467110 86.866354
511.767192 84.483128
479.722992 53.311789
-852.906183 122.007595
-71.564670 91.848786
642.697563 105.252033
-464.701551 86.722636
638.827767 35.743003
349.904512 40.213172
-456.026663 30.903107
889.637453 71.245181
-289.656995 50.402269
-394.568247 91.574570
-581.474789 99.041273
54.939293 50.868622
680.434920 89.623609
554.699520 89.610106
-717.865247 81.721126
658.437899 51.461428
-125.425583 59.343661
666.204294 55.863599
-908.086109 40.075137
651.724694 116.537083
-683.637206 80.081460
935.005099 73.016807
19.691350 121.232128
685.239755 116.501718
-767.312075 44.533575
-38.474243 62.560657
671.496976 30.823253
68.585582 97.596595
208.937235 61.164255
-455.865990 104.553599
657.707615 40.128595
920.300558 56.614102
-210.554861 109.325243
49.554013 74.067951
788.007597 65.063935
-387.899312 35.218520
702.907914 57.355289
-35.293478 66.129963
-628.251662 62.497314
-547.366381 60.221813
-59.382214 100.707969
255.649398 60.605738
430.624428 46.211749
964.046660 61.978083
-52.479916 55.409033
-869.366349 60.261385
-289.247422 32.546710
137.509731 105.009886
637.439063 39.353187
-618.443253 101.272333
-111.657549 79.682872
529.817050 59.562518
540.763221 54.726179
313.849630 125.625578
144.469850 118.324162
-483.052178 34.254382
180.642626 118.629861
-302.797601 60.563353
-903.167799 63.062453
250.828718 82.217614
169.429729 99.073119
649.579983 124.009115
432.396580 69.354486
380.380024 83.491782
-25.846542 118.096839
-504.717698 123.124795
-244.405795 31.254968
-546.253725 44.817871
-480.377075 118.379795
-791.131016 113.204639
534.079154 66.290840
749.180412 65.736089
-501.585973 52.319141
325.988836 59.762311
107.631871 58.840878
639.598513 43.853080
958.279924 94.458925
-842.756093 99.533825
-923.731789 106.881197
-539.487853 82.521083
299.560701 77.789722
-87.082421 32.757745
-19.106198 98.333193
-648.487668 105.025836
134.259759 58.019066
164.609502 63.416946
286.198123 75.689496
383.060694 119.230607
360.172725 65.452477
-620.141623 53.390230
285.867085 30.972845
-255.133805 92.207350
308.635388 75.105505
-365.176487 99.245180
-560.265968 84.766783
-564.674732 116.964737
-948.869890 97.412142
794.449640 81.601196
-285.093300 37.298099
-467.459361 122.458323
-293.656710 114.857507
-482.494629 129.627071
-389.059944 125.028303
777.153564 128.555639
-390.384404 37.850597
-561.082622 124.774134
-823.531168 89.189179
139.629690 104.255211
-914.106324 118.722660
-129.992181 56.281385
-130.211135 95.266654
-735.077557 76.045949
-346.424067 32.968604
952.942887 98.424132
-794.665943 54.274176
217.649091 75.583867
-817.366332 116.757723
-95.781239 69.678686
635.720528 64.068616
-235.313493 42.266806
-161.615733 90.180194
-859.181195 80.742655
-612.612541 94.022425
-500.042681 53.664057
54.901699 98.498257
-1.091155 126.234528
-324.701776 93.191564
-154.390462 96.443708
323.203372 69.927621
-302.643211 106.426871
284.035952 125.750294
-559.785223 103.333481
650.160342 97.221677
-739.756654 94.294044
-974.194136 81.246493
531.216995 73.209507
-771.466262 113.601790
879.043231 60.796060
-47.515705 48.950028
89.202334 30.369300
748.965688 34.405559
932.076557 51.213196
351.942467 68.884305
753.138069 63.757292
576.238520 52.524743
-796.316731 73.013724
-634.499261 62.194902
-673.055906 30.783054
988.331586 59.359372
301.541953 30.706873
612.117293 71.637947
-121.672417 122.032552
-495.205252 67.868541
-543.427770 102.863952
136.371365 107.288728
464.665038 74.266853
633.885743 99.837080
309.600966 79.291411
-825.572310 83.136952
660.974050 117.533311
513.233894 123.232866
-389.059315 123.936732
-491.444634 76.894239
894.395716 54.844348
525.072219 89.796883
-488.975596 86.859476
-971.303382 99.467599
-22.159456 56.674568
-853.277198 101.720639
990.770412 94.154708
-19.812661 102.771772
-831.568778 60.703654
-147.822956 103.901609
599.901293 81.330237
-459.228776 93.043767
-222.729053 32.700256
125.532662 99.410582
932.739753 111.704401
-673.903590 121.356773
-869.025019 122.558431
23.073140 62.099969
-11.641859 82.588488
-968.648626 128.309934
585.261125 38.903709
400.611459 108.801577
461.168343 49.039940
31.466987 111.479978
-5.128118 124.182202
107.631753 59.738659
-89.751233 112.420149
855.648519 114.375986
702.408096 79.059059
75.731345 111.757392
-384.730791 100.091388
462.283319 67.312210
252.996383 54.267823
388.243577 42.067726
537.126217 100.979748
-792.446790 86.119367
597.669126 110.408233
-301.581120 82.941873
988.963468 116.494293
-311.562965 79.191767
613.529898 119.803439
578.608525 56.188933
444.471765 101.712852
-788.701621 87.343993
-584.561775 94.351486
-217.972289 81.535372
-311.142521 42.215552
776.951626 127.092693
-270.332511 88.259760
-816.791613 43.339685
-415.209847 49.538080
389.181050 39.122964
998.926267 34.379996
241.296750 129.394487
817.485796 126.486689
-28.274914 101.550785
725.802573 57.516681
954.794360 88.513717
984.590655 38.304637
-682.845798 50.001444
453.122465 84.959096
430.736315 37.098997
343.492944 90.384397
-916.166193 33.658022
-627.116856 43.352110
-660.045859 77.883665
-342.196207 116.456760
140.132577 62.836503
816.735120 49.071466
-355.380205 111.711046
-688.836887 110.817244
65.236611 31.848284
-833.321508 81.001549
207.240026 37.563457
186.123712 106.219711
-448.701972 61.962309
-376.423859 129.101717
-218.773878 128.353454
189.722284 73.252996
-959.770481 108.130271
132.102124 49.009183
-479.721275 119.495296
-890.681149 113.020565
-553.364023 126.302699
-958.159371 84.562789
560.274887 47.650187
-292.399346 61.275575
-610.030572 73.713957
645.542471 109.860473
25.548294 71.583309
121.603682 108.842316
470.912361 117.258991
558.880665 42.606924
712.248907 67.430147
117.198411 117.623921
-688.791623 42.465027
-867.337912 71.574355
-960.793545 42.099047
-508.101596 54.292122
-831.965091 56.686952
577.098206 116.415490
-113.257226 44.234943
-646.178705 93.835610
158.978007 129.968188
-126.078344 39.226315
-168.970050 129.776267
761.372624 45.097116
740.705160 96.012664
-445.919207 102.647703
-931.143762 113.563960
205.432496 49.003231
920.579741 96.904729
211.551717 127.989310
580.075522 115.172506
-554.371372 117.405522
-762.810847 31.136342
476.420229 86.196596
-692.574306 121.512076
-599.355870 103.320185
829.605292 93.728289
650.930003 63.031762
270.091125 100.615131
-37.422448 80.539814
-267.444083 105.832917
-536.249646 70.070608
187.937548 113.459143
181.476772 85.425865
7.277434 49.651424
68.303485 59.367648
-903.521391 105.696606
-664.536611 46.683388
536.658947 120.594181
457.599690 122.204232
642.125143 122.912191
310.488343 103.586522
132.809606 78.070917
-867.634324 50.145037
-626.279026 84.747161
413.697017 85.313845
-388.398428 123.872369
907.689048 119.976956
546.630222 84.458291
-91.943589 57.695383
482.194308 128.817995
141.260613 108.933646
490.292011 103.836200
912.340680 81.347548
288.607620 98.497019
-128.964400 76.536638
228.184191 39.076197
-597.536802 48.049690
142.942290 56.741444
-236.105471 105.833163
629.772102 38.879577
-377.059844 42.068684
-944.961081 56.531460
-959.087205 110.083457
619.795023 77.448460
-844.423203 85.099467
-74.670898 94.841871
-319.337750 50.781056
-226.438588 59.650147
442.572072 33.108452
962.943302 45.680384
-7.098204 89.556375
-504.868384 99.768250
552.121291 111.903695
930.193868 45.800791
154.737171 107.998299
-506.392633 118.883866
801.339645 57.432314
-691.693469 122.112622
-849.684573 126.405078
-208.778354 45.294611
30.090888 115.827537
602.729635 115.537657
-867.828138 48.814552
-696.243931 108.737197
-561.539918 43.334969
888.351606 101.568094
457.826865 49.174161
-173.273128 80.497408
-978.442870 67.846037
325.963976 88.814715
-683.113287 120.978567
-46.028372 35.911318
-631.782371 93.113908
960.478798 55.926653
190.379716 67.585022
-175.574718 41.023530
-531.748809 51.357746
931.223742 60.021153
-196.554034 41.748991
-824.833013 92.095302
-498.320816 33.175930
-326.732074 127.975302
-552.998183 104.999740
-30.545795 53.427947
-743.084459 44.770909
644.853248 58.690113
-885.010475 59.941244
-307.971388 54.160358
861.103036 62.625370
1.740212 82.574138
404.207853 121.308275
271.953356 123.622952
-746.679589 90.158855
-527.117902 82.838319
438.156910 62.402454
-701.327574 126.991805
-288.432322 78.597018
899.342143 87.928475
-528.064848 73.439817
627.128443 66.442535
164.214528 93.599085
302.652948 93.960203
870.806568 129.734078
762.411208 116.595480
-352.811031 68.207571
-216.607642 32.569841
-409.683087 32.767286
923.855865 72.181866
258.522811 49.836898
900.403702 64.833986
44.787048 39.953806
-363.484184 117.817736
171.016481 56.792898
-85.075777 112.147582
404.654306 57.102633
-628.197674 58.443442
814.034358 113.722764
848.072888 114.242046
669.136833 110.524205
416.750532 45.816290
-625.364484 40.007144
-632.277376 78.247621
-744.511398 44.578924
808.589754 105.700571
-311.683547 115.449673
-789.308864 116.655175
908.069584 72.360348
489.458228 83.954303
383.064912 50.219123
-277.962303 69.385961
-53.564881 84.692001
356.588054 68.023474
-231.704703 90.233047
-554.689596 51.871607
-184.854960 123.103047
-246.242067 89.489028
-937.796175 86.074028
-845.267015 45.884621
413.059047 128.166137
831.703842 35.068775
672.316195 32.119749
834.479002 109.019289
-110.398068 96.196862
-340.528157 43.633342
728.319683 99.075477
60.386063 63.737740
-524.650435 50.848706
435.224280 92.182243
621.635061 124.026734
681.076994 51.839005
742.595619 51.741746
626.560656 120.239972
556.315485 119.064682
-877.508130 78.468727
744.616381 127.709786
70.750033 100.846629
996.590692 75.261452
-2.681645 74.309631
-770.833733 112.839510
158.859467 127.874298
38.299740 40.962277
-367.759246 105.682465
-363.780352 33.373252
-242.705830 42.892735
947.999717 51.918558
-305.365191 114.529767
-126.793908 46.059773
495.394778 51.476079
-897.510892 110.894332
398.896111 122.355275
572.082361 53.482307
264.038066 108.433653
374.875181 43.067821
-545.134324 110.202072
918.146621 110.686257
561.527400 77.822318
832.970675 39.688408
-529.904332 53.459516
-738.766813 91.369492
-272.954968 40.461645
665.761001 101.083992
899.828239 56.948355
742.875308 99.761151
-31.511327 122.268221
13.109666 48.369239
692.469907 59.259601
-162.969070 77.825399
-846.134919 40.595306
217.864395 60.436538
815.947561 86.800551
-777.544097 98.873748
-907.542623 32.771329
571.243115 58.127652
-475.383099 121.623815
789.942883 92.583097
-958.290794 102.785194
-326.658225 127.076872
994.670980 50.810854
336.760463 78.157983
-738.418500 47.493507
330.544436 127.702570
-64.937841 38.378768
-89.440620 84.446362
-620.518521 36.421189
697.657999 39.771452
264.434792 126.005695
572.904001 97.844608
975.540480 87.207356
919.445216 55.007869
-23.376581 115.469405
751.819314 80.916631
165.091984 51.258054
-40.129929 87.988148
-158.621826 44.831527
-877.077384 85.147984
-353.499335 102.673353
57.011082 109.078141
621.042420 128.378523
-329.509935 30.026195
-904.005761 48.407403
-804.047062 98.021452
-711.738034 118.442847
-282.678800 43.190122
-86.995944 61.838321
-236.040173 124.481374
-653.845484 55.788957
-92.039901 105.562325
-59.059768 123.391509
-328.990536 119.115920
-835.539294 69.696604
-114.721919 70.548069
-752.600866 127.114458
-607.475805 123.422078
909.859625 83.150713
868.965453 30.292693
431.162323 33.245920
366.282894 115.971214
833.775330 34.180205
983.226735 67.338969
-279.629488 67.359328
-363.593140 83.326251
262.965704 107.218348
-422.228472 40.195297
412.197131 92.439050
986.224343 108.832892
-957.286928 73.575121
-612.380792 44.505610
-186.208414 69.007170
-841.446240 66.182561
843.157662 31.375961
-270.494925 93.715999
-907.562395 34.789399
-6.255725 126.310647
-820.607934 78.848550
-327.007677 74.988129
724.157572 95.469959
966.287605 79.356164
-146.233857 57.202957
191.029214 43.298164
792.840125 88.862678
842.621111 121.777660
-951.244018 41.512016
-874.334596 73.127378
10.383721 44.210958
586.198780 72.677069
-688.261621 45.785193
-872.138631 50.208799
-588.508174 86.080282
-669.611080 59.544195
-901.423346 80.169062
490.646469 121.136711
-687.219573 102.846704
-190.142497 88.327329
-999.006792 30.044336
432.509845 119.691667
178.140275 93.756548
629.386531 91.344813
505.371276 117.752597
-910.556175 55.787750
-960.728900 113.782130
369.296382 47.550474
991.346462 104.857888
-244.814536 50.141914
-381.236604 84.278719
-6.277820 65.867002
-911.044371 54.218432
-459.925724 50.086803
941.302725 97.496589
568.282627 127.114797
350.818496 80.039624
736.129267 56.447939
-724.076571 98.275790
755.855029 119.064735
120.567733 122.264943
-702.950295 87.991942
520.941460 113.317304
510.848315 105.614396
